EMENDATIONIS PLAVTINAE.

pag. Trinummi

463. 5079. 232
344. 352 233
330. 360 236

309 237
4529.. 238

507 239 sqq.
507 240 .

327. 398. 516 241
4659. 242

-Μωη

344 245

302. 513 247
357. 5089. 249
341 sq. 250
448 251

400. 510 252

4ffimmffimq

488 200

mmm

310 203
500 204

508 a, 265

309. 360. 362. 380. 387 200
440 208

352. 301. 513 209 sq.

465 272

5073.. 773

438. 487 276
mm

302. 425 279
mm
319300 ‘284
327. 304. 447 286
mm
438488 239

mm ’
507 293 sqq.

319. 324. 597 294
323 298

377. 404 300
350. 487 302
518 sqq. 304

410 305

300 300

mw'

W

1³⁰·ss-
327

353. 413

352. 382. 384. 519

385

327. 385. 498

327

355

344. 515

310. 330. 523

520

329

4354.

304

v 309

4354.

322

519 sq.

390 m.

392. 523 sq.

327

327. 300. 302. 510

310

300. 520

330

330. 522

309. 440

427

300. 392. 398

300. 309. 332

309

413

524

355

389

401. 504

331

323. 413. 520 sq.

330

521

330

500

474

500

423. 403. 501 sq.
400. 439

 

