636

Trinummi
600
601
601
606
606
608
609
611
613
616
616
617
619
620
621
622
623
621
626
627
628
629
630
633 .
636
636
638
610
612
613
611
616
616
618
619
651

6666666661 nu 61666666

pag.¹ Trinummi

360.6076. 663
398 664
41466.600 666
3686.460 668
432 sq. 671

362 672

368 674

333.336 676
346.434.488 676
476 678

488.191 679

349 680

470 681

498 682

380 683

474 664

461 686

469.461 687

362 688

372 690

369 693

469 696

363.602 696

489 sq. 697
3686.360.612 699
439.498 700

330 702

323 704

3583. 333. 313 333
336 766

336 767

419 763

310.600 709
404.461 711

362 712
326.3696.600 711

662 320.3776.100.13266.186.602 716

666
666
667
668
669
666
661
662

323 362.410 716
499 sq. 717

346 718

333 196 726
323.629 721

327 722

386.3966.169.178,600 721

110 726

ραι
311

378

110.166
319.363.612
176 .

188

181

466

36

330. 333

333

333

345. 333

’466

66

3333. 466

330. 3373. 333. 466
466

666

331. ⁴33

333. 333

66. 503

333. 333

333. 333

330. 366. 373. 333

3U33ffla.flffl

377 sq.

198

373
361.169.1676.130
310.148.169.602
110.176

· wzssw.½34w

386

477

363

330

382 3833.
3786.

 

