1714175754'1101715 PLAVTINAE.

pag. Trinummi

555.355.444 811
410 819
357.363.513 813
447.509 814

453 509 818

497 819

497 890

439 891

507 899

396 893

390 894

509 896 =

394 897

397 890

367.497 830
3755. 833

330 835

300 836
359.497.511 837
419.458 838

394 830
513 841

309 843
309.513 844
497 845

488 845 ,

512 847
330 848

574 855 ’

585 854
848 855

557 554

555 555

455 855

885. 510. 515 555
557 555

505 554

510 855

344 445 858

858 858

358 858

545 853

888 sq. 515. 515 854
488485 855

885 855

537

5⁸5·
383 44.

5075.
310.330
555.490

350.4555.
530

538
385.410

510.530.555

838
854. 485

854

555. 455

545

550

575

885

848

505. 855. 455
405

405

554. 555
555. 405 471
535

455

475

555. 858. 455
844. 485. 471
454

385. 888

399.469.493

359.498
471.498
490
484.498
451
310
399

309.359.388.400.460

900

374

459
330.4478.486
380.387.486
414

 

