mumloms PLAVTINAE.
pag. Trinummi

350 525
355. 412. 454. 515 525
310. 550 555
555. 455 555
555 551

555. 455 532
350. 551 553
5555. 555

355. 5555 555
523. 555. 435 555
455. 515 555
353. 555 555
555 540

4355. 5055. 555
354 545

410 543

503 555

4945.. 500 552¹
555, 433. 513' 555
555 555
555555

555 555

412 550

355 555

404 554

353 555

310 555

510. 555. 354 555
555. 555. 553 555
513. 524 554
555. 423. 455. 5555. 555
555, 555 555
555. 555 555
555 552

323 553

300 584

55 455

510. 555. 5551555
555 555

5555. 415. 435515 531
513 553

⁴ 4335534

555 555

321 sq. 530 535
555. 4555. 555

535

4³⁸8·
352.350

300
4523.5085.
500.330.350
523

310

360.447
347.364

507
310,337.361
513

442
455.442.451
353,350.362
350

5070.

440 sq.
310.400

355

385.38⁷

333
327.370.333
3775.
300,334.300,301
434

5345
350.362

439

404

300

560.352
512.513

405
344.346.440.500
486
510.425.430.485
355.512
&34w

404

506

453
300.454.453.513
350.386
350.352
447.454

 

