Trinummi
1018
1030
1031
1033
1033
1035
1038
1030
1030
1036
1030
1043
1044
1046
1040
1050
1051
1053
1054
1055
1056
1057
1058

EMENDATIONIS PLAVTINAE.

pag. Trinummi
330 1101·

408 1101
333. 433 1100
333, 433 1108

350. 110. 499 1113

333. 43331. 1110
333333 1118
333 1120

333. 333 1123
333. 333 1134

’ 4ῑ3 1100
333. 333 333
333 1100

310.355.3580.401 1130

334.364.500 1130

331 1131 ’

334.331.408 1133

333.345.385.408 1133

337.503 1134
360.386 387 1138
331 1130

355 1141

310.360 1145

1050 330.410.437.43033.433 1153

1061
1063
1064
1065
1066
1067
1060
1070

373 1155
360 1150

333 485 1157 ’

403 1160
460 1161
387 1163
334 1165
363 1166

1071 350.437.433.514.53030. 1167

1073
1083
1083
1087
1088
1000
1003
1004

500 1160

475 1170

331 1173

330.353 1177

470 1170
340.300.408 1183
331.430 1185

506 1188

530

9⁸8·
377

430

40033.

330

349

331

333.385

333

330
4mfflmm
477

333

450

433

357

333

309
3091q.004
3991q.470
430

344

310

501

340

330.410
303.355.405
330 ’

473

303.353

340

331

336

410

475

310.433
330,500
353.363
340.426.466
343
310.330.427
325

 

