333

Trinummi

877
879
880
883
888
886
887
888
889
891
898
898
899
900
901
909
904
908
906
907
908
919
913
914
917
918
999
993
998
996
997
998
999
930
939
933
934
938
937
938
941
949
943
944
948 sqq.

3303330113133 113 3431031338

pag. Trinummi

344.4678. 946
330 947
393.410.489.477 949
467 980

399 981

480 989
337.389 983
3334q.303 984
330.4334q. 986
474 987

360 988
467.486 989
400 964

330 968

371 966
388.371.386 967
330.400 968
333 477 969
364.469 970
497.439 971
363 973

, 310.331.3333.331 334

330.4873. 978
386.477 977
339 978

467 979

339 339 930
3838. 989

389 988
w33w 96
814 sq. 333
343sq.371.3833. 999
303. 3181 993

330 ! 304

310. 38111 333

310. 330. 332 1004
330. 3330. 430 1000
303. 303 1003

407 3 1009

461 1010
9888.196 1013
13841811

397. 416. 499 ¹ 1018
3301 1016
39911917

pig.
310.330.331

431

330

344

433.480

498

387

344.803

309
ΜΜ3Μ8Ω8Μ
387

344’

373.388
477.498

344

331

813 sq. 313

’ 331
344

310
310,387,360.468
310.339.344.809
361

331. 331. 431
331.334a.433
439

331
3333.331.413.403
300

399

333
333.433sq.
310

3311

389, 3333. 433
303

330. 433

344

433

330. 433 433
333

313

310

333 111. 433
310

 

